627832
321092
321185
321766
321767
379283
379287
381348
381350
381352
385834
385836
391077
399049
399051
399558
417824
417825
434209
434211
446492
447262
448124
450697
450698
454639
454640
455651
455652
469549
475207
476825
476827
482286
482288
515398
515400
527704
540052
543030
545571
546441
596671
596673
606709
606724
607898
610216
620619
627831